11209
19370
13881
13462
19283
10914
10315
2456
4167
4198
479
10650
19411
1202
3633
14644
14345
126
14197
5888
17139
20500
7421
6072
14113
6794
5805
19336
13727
11478
16729
16070
18231
8722
1673
21204
19615
2126
15537
8098
5279
18240
20341
20852
2583
15034
14825
7446
16477
18788
6099
5230
20591
15552
5593
8084
9075
19996
12857
3678
7129
890
16371
13162
3773
20424
18655
9356
10977
4168
5489
5040
15871
1892
19623
12454
8285
6126
18217
12518
3429
13720
2441
6672
1393
9644
10995
5536
107
11538
6709
5420
3441
7342
13433
3714
9865
11996
7497
16708
10829
9930
8431
19652
6153
9334
4445
13176
21847
18668
4269
4660
6431
18312
3943
21194
6705
256
7067
8328
17899
17510
18321
15562
18503
9954
17545
19766
237
4408
9149
6180
451
18242
1053
8104
13025
1866
7927
3218
3759
2350
20411
1872
15673
8714
13215
6586
21587
11058
21259
3140
12411
18382
6833
12414
385
20516
6207
13438
10169
10800
16231
7382
21333
11194
5
11076
757
19628
18909
9220
10361
18102
17143
3794
3795
5086
9647
14868
19219
15770
2721
18232
10013
6234
4555
2096
20547
2488
1739
18930
14461
18662
18393
21034
18845
14076
2767
12008
1119
5830
7871
18402
10783
16154
17325
20056
2837
14898
14209
21380
6261
17542
15893
8424
10615
17966
16527
17728
15449
3840
19441
18062
9243
18184
13655
6006
16387
11948
11139
16480
791
19782
20893
11774
5205
10186
10877
6288
8659
7820
18171
18742
12323
14124
20995
12236
11157
17848
17279
4410
11731
15302
10893
5074
16025
3876
307
7298
369
21730
20711
17382
6163
374
6315
21646
21617
6048
4999
6680
11721
2392
9023
18474
16255
16496
21447
5278
16949
15780
15631
20102
18483
6004
13805
2826
697
7778
7689
2140
11741
6342
12763
13544
15795
13126
1037
9318
5659
5810
3921
14662
15713
16614
20695
18596
20667
4318
2309
11220
11701
20312
5283
1534
16715
19866
19987
1238
6369
3880
5471
3672
21253
17264
6915
8926
2597
11238
13069
14930
11781
14242
20243
3684
14875
6386
3957
17398
4949
7740
2371
3782
10173
15964
12605
6396
16867
19268
13419
7510
11621
4512
12193
21254
18555
11476
14147
6948
7789
20
8571
3562
10463
18564
1225
11456
10197
3208
12719
480
11941
2102
6423
7984
11195
1296
15637
5978
2109
15460
18041
4002
9883
13364
2115
1336
1667
13458
14119
14540
11301
6922
17963
12654
4045
21656
12657
7918
13469
6450
20971
3122
11043
1894
335
21576
18727
14828
11319
8290
12581
19152
16753
3314
18345
2806
18617
4038
12619
2600
15111
4882
8723
2964
3895
2966
6477
12088
16919
20790
10021
16562
19173
124
11615
18636
6697
11798
14319
10300
4961
1362
13363
824
18645
18316
9107
17568
5719
17660
15141
21742
14333
6504
3205
8846
8667
18148
10919
16770
3391
8402
4083
5104
11015
9486
3847
6608
6249
2050
4901
11382
2143
15614
20025
6556
4727
5448
17719
3830
6531
16192
773
18414
4405
5276
14367
6658
5189
11400
3511
10232
4653
19264
8255
11136
12607
8978
4119
7840
251
612
7393
13664
17625
13696
15197
6558
7309
14570
6291
12532
21503
11964
9925
1976
18717
1918
9449
21690
12811
9902
16023
1294
13055
18726
13537
6758
3069
8230
731
7932
9673
4694
6585
20296
6497
16038
20659
15860
9561
13192
20633
4164
325
8666
16857
6358
11549
20910
11851
17132
11463
19234
13265
5526
9067
9668
20109
5650
16061
6612
11413
20294
3915
6916
10217
7158
16459
17420
11481
20602
7883
12024
21775
13196
3927
538
21209
4200
3061
19772
7983
9904
18605
10416
1627
5558
6639
2530
12221
13662
15043
4574
4755
19726
14207
18798
19009
7100
7191
15322
14843
8814
11095
3416
18807
8758
4409
10440
10741
5672
723
19474
16925
6666
15517
4148
1539
1300
20801
2352
1123
10994
4245
17416
6317
2358
8869
16490
13701
21652
7493
11544
14455
10916
12897
11578
14609
12900
15451
6422
6693
6634
17945
11286
9427
15158
21819
4390
7781
11562
15823
5534
19395
2416
18137
18588
10339
11570
4281
20152
17423
15354
12415
1676
3207
11428
17789
6720
19621
9872
21033
17554
9515
19416
7657
4568
18879
14230
4751
14562
17833
19784
1605
20896
15647
18888
3979
2060
17811
13252
10613
15384
7405
7286
6747
10738
1799
8910
3811
3872
17013
10924
1355
4326
12637
3968
9729
11380
21431
6492
9583
19724
11625
9676
8567
20268
14089
19550
5691
3382
18653
6774
1855
15596
18657
11938
20099
14610
14191
20012
11643
11044
3185
4896
4927
1208
11379
20140
1931
4362
15373
15074
855
14926
6617
17868
21229
8150
6801
14842
7523
6534
20065
14456
12207
17458
16799
18960
9451
2402
63
20344
2855
16266
8827
6008
18969
21070
21581
3312
15763
15554
8175
17206
19517
6828
5959
21320
16281
6322
8813
9804
20725
13586
4407
7858
1619
17100
13891
4502
21153
19384
10085
11706
4897
6218
5769
16600
2621
20352
13183
9014
6855
18946
13247
4158
14449
3170
7401
2122
10373
11724
6265
836
12267
7438
6149
4170
8071
14162
4443
10594
12725
8226
17437
11558
10659
9160
20381
6882
10063
5174
13905
706
19397
4998
5389
7160
19041
4672
53
7434
985
7796
9057
18628
18239
19050
16291
19232
10683
18274
20495
966
5137
9878
6909
1180
18971
1782
8833
13754
2595
8656
3947
4488
3079
21140
2601
16402
9443
13944
7315
446
11787
118
3869
13140
19111
7562
13143
1114
21245
6936
14167
10898
11529
16960
8111
192
11923
734
11805
1486
20357
19638
9949
11090
18831
17872
4523
4524
5815
10376
15597
19948
16499
3450
18961
10742
6963
5284
2825
21276
3217
2468
19659
15190
19391
19122
21763
19574
14805
3496
12737
1848
6559
8600
19131
11512
16883
18054
20785
3566
15627
14938
239
6990
18271
16622
9153
11344
18695
17256
18457
16178
4569
20170
18791
9972
18913
14384
6735
17116
12677
11868
17209
1520
20511
21622
12503
5934
10915
11606
7017
9388
8549
18900
19471
13052
14853
21724
12965
11886
18577
18008
5139
12460
16031
11622
5803
16754
4605
1036
8027
1098
589
21440
18111
6892
1103
7044
505
476
6777
5728
7409
12450
3121
9752
19203
16984
17225
306
6007
17678
16509
16360
20831
19212
6733
14534
3555
1426
8507
8418
2869
12470
7071
13492
14273
16524
13855
1766
10047
6388
6539
4650
15391
16442
17343
21424
19325
21396
5047
3038
11949
12430
21041
6012
2263
17444
20595
20716
1967
7098
4609
6200
4401
112
17993
7644
9655
3326
11967
13798
15659
12510
14971
20972
4413
15604
7115
4686
18127
5678
8469
3100
4511
10902
16693
13334
7125
17596
19997
14148
8239
12350
5241
12922
113
19284
12205
14876
7677
8518
749
9300
4291
11192
19293
1954
12185
10926
3937
13448
1209
12670
2831
7152
8713
11924
2025
16366
6707
2838
16189
18770
4731
10612
14093
2844
2065
2396
14187
14848
15269
12030
7651
18692
13383
4774
515
13386
8647
14198
7179
21700
3851
11772
2623
1064
435
19456
15557
12048
9019
13310
19881
17482
4043
19074
3535
19346
4767
13348
3329
15840
5611
9452
3693
4624
3695
7206
12817
17648
21519
10750
17291
19902
853
12344
19365
7426
12527
15048
11029
5690
2091
14092
1553
19374
19045
9836
18297
6448
18389
15870
601
15062
7233
3934
9575
9396
18877
11648
17499
4120
9131
4812
5833
11744
10215
4576
7337
6978
2779
5630
12111
2872
16343
20754
7285
5456
6177
18448
4559
7260
16921
1502
19143
5134
6005
15096
7387
5918
12129
4240
10961
5382
19993
8984
11865
13336
9707
4848
8569
980
1341
8122
14393
18354
14425
15926
7287
8038
15299
7020
13261
362
12693
10654
2705
19446
2647
10178
549
13540
10631
16752
2023
13784
19455
14266
7487
3798
8959
1460
8661
10402
5423
7314
21025
7226
16767
21388
16589
10290
13921
21362
4893
1054
9395
17586
7087
12278
21639
12580
17861
12192
19963
13994
6255
9796
10397
20838
6379
16790
7341
12142
21023
4644
7645
10946
7887
17188
18149
12210
21331
8612
12753
634
13925
4656
1267
68
4929
3790
20501
8712
10633
19334
11145
2356
6287
7368
3259
12950
14391
15772
5303
5484
20455
14936
19527
19738
7829
7920
16051
15572
9543
11824
4145
19536
9487
5138
11169
11470
6401
1452
20203
17654
7395
16246
4877
2268
2029
21530
3081
1852
11723
4974
18145
7046
3087
9598
17219
14430
511
8222
12273
15184
11645
13626
12307
15338
13629
16180
7151
7422
7363
18674
12015
10156
15887
678
5119
8510
12291
16552
6263
20124
3145
18866
19317
11068
12299
5010
20881
18152
16083
13144
2405
3936
12157
18518
7449
20350
10601
21762
18283
10244
20145
8386
5297
19608
14959
5480
15291
18562
20513
2334
21625
16376
19617
4708
2789
18540
13981
11342
16113
8134
8015
7476
11467
2528
9639
4540
4601
17742
11653
2084
5055
13366
4697
10458
12109
290
7221
10312
20453
12354
10405
9296
20997
14818
20279
6420
4111
19382
7503
2584
16325
19386
12667
20828
15339
14920
20741
12372
11773
3914
5625
5656
1937
12108
20869
2660
5091
16102
15803
1584
15655
7346
18597
88
8879
7530
15571
8252
7263
20794
15185
12936
18187
17528
19689
10180
3131
792
21073
3584
16995
9556
6737
19698
21799
440
4041
16492
16283
8904
17935
20246
7557
6688
179
17010
7051
9542
10533
21454
14315
5136
8587
2348
17829
14620
5231
12
20113
10814
12435
5626
6947
6498
17329
3350
21081
13912
9743
7584
19675
13976
4887
15178
3899
8130
2851
11102
12453
6994
1565
12996
8167
6878
4899
8800
14891
5172
11323
13454
8955
18166
12287
11388
9889
21110
7611
10792
5903
14634
1435
20126
5727
6118
7889
19770
5401
782
8163
1714
8525
9786
19357
18968
19779
17020
19961
11412
19003
21224
1695
5866
10607
7638
1909
19700
2511
9562
14483
3324
9385
4676
5217
3808
21869
3330
17131
10172
14673
8044
1175
12516
847
4598
13869
19840
8291
13872
1843
104
7665
14896
11627
12258
17689
8840
921
12652
1463
12534
2215
21086
20367
10678
11819
19560
18601
5252
5253
6544
11105
16326
20677
17228
4179
19690
11471
7692
6013
3554
135
3946
3197
20388
15919
20120
19851
622
20303
15534
4225
13466
2577
7288
9329
19860
12241
17612
18783
21514
4295
16356
15667
968
7719
19000
17351
9882
12073
19424
17985
19186
16907
5298
20899
19520
10701
19642
15113
7464
17845
13406
12597
17938
2249
21240
481
13232
6663
11644
12335
7746
10117
9278
19629
20200
13781
15582
583
13694
12615
19306
18737
5868
13189
16760
12351
6532
17483
5334
1765
8756
1827
1318
299
18840
7621
1832
7773
1234
1205
7506
6457
8138
13179
3850
10481
19932
17713
17954
1035
6736
18407
17238
17089
21560
19941
7462
15263
4284
2155
9236
9147
3598
13199
7800
14221
15002
17253
14584
2495
10776
7117
7268
5379
16120
17171
18072
283
20054
255
5776
3767
12678
13159
21770
6741
2992
18173
21324
21445
2696
7827
5338
6929
5130
841
18722
8373
10384
4055
12696
14527
16388
13239
15700
21701
5142
16333
7844
5415
18856
6407
9198
3829
5240
11631
17422
14063
7854
18325
20726
14877
8968
13079
5970
13651
842
20013
12934
15605
8406
9247
1478
10029
5020
11921
20022
2683
12914
11655
4666
14177
1938
13399
3560
7881
9442
12653
2754
17095
7436
3567
16918
19499
5460
11341
14822
3573
2794
3125
14916
15577
15998
12759
8380
19421
14112
5503
1244
14115
9376
14927
7908
559
4580
12501
3352
1793
1164
20185
16286
12777
9748
14039
20610
18211
4772
19803
4264
20075
5496
14077
4058
16569
6340
10181
4422
5353
4424
7935
13546
18377
378
11479
18020
20631
1582
13073
20094
8155
13256
15777
11758
6419
2820
14821
2282
20103
19774
10565
19026
7177
19118
16599
1330
15791
7962
4663
10304
10125
19606
12377
18228
4849
9860
5541
6562
12473
10944
5305
8066
7707
3508
6359
12840
3601
17072
21483
8014
6185
6906
19177
5288
7989
17650
2231
19872
5863
6734
15825
8116
6647
12858
4969
11690
6111
20722
9713
12594
14065
10436
5577
9298
1709
2070
8851
15122
19083
15154
16655
8016
8767
16028
7749
13990
1091
13422
11383
3434
20175
3376
10907
1278
14269
11360
17481
2752
14513
20184
14995
8216
4527
9688
2189
9390
11131
6152
8043
21754
7955
17496
247
17318
11019
14650
221
5622
1783
10124
18315
7816
13007
498
13309
18590
12921
20692
14723
6984
10525
11126
21567
7108
17519
8070
12871
21752
5373
8374
11675
8616
17917
18878
12939
190
9341
13482
1363
14654
5385
1996
797
5658
4519
21230
9441
11362
20063
11874
3085
7016
8097
3988
13679
15120
16501
6032
6213
21184
15665
20256
20467
8558
8649
16780
16301
10272
12553
4874
20265
10216
5867
11898
12199
7130
2181
20932
18383
8124
16975
5606
2997
2758
389
3810
2581
12452
5703
18874
7775
3816
10327
17948
15159
1240
8951
13002
15913
12374
14355
13036
16067
14358
16909
7880
8151
8092
19403
12744
10885
16616
1407
5848
9239
13020
17281
6992
20853
3874
19595
20046
11797
13028
5739
21610
18881
16812
13873
3134
4665
12886
19247
8178
21079
11330
621
19012
10973
20874
9115
6026
20337
15688
6209
16020
19291
21242
3063
484
17105
20346
5437
3518
19269
14710
12071
16842
8863
8744
8205
12196
3257
10368
5269
5330
18471
12382
2813
5784
14095
5426
11187
12838
1019
7950
11041
21182
13083
11134
10025
21726
15547
21008
7149
4840
20111
8232
3313
17054
20115
13396
21557
16068
15649
21470
13101
12502
4643
6354
6385
2666
12837
21598
3389
5820
16831
16532
2313
16384
8075
19326
817
9608
8259
16300
8981
7992
21523
15914
13665
18916
18257
20418
10909
3860
1521
21802
4313
17724
10285
7466
20427
658
1169
4770
17221
17012
9633
18664
20975
8286
7417
908
17739
7780
10271
11262
313
15044
5865
9316
3077
18558
15349
5960
741
20842
11543
13164
6355
7676
7227
18058
4079
21810
14641
10472
8313
20404
14705
5616
15907
4628
8859
3580
11831
13182
7723
2294
13725
8896
7607
5628
9529
15620
5901
12052
14183
9684
18895
13016
12117
10618
21839
8340
11521
6632
15363
2164
20855
6456
6847
8618
20499
6130
1511
8892
2443
9254
10515
20086
19697
20508
17749
20690
12141
19732
83
2424
6595
11336
8367
2638
20429
3240
10291
15212
4053
10114
5405
5946
4537
728
4059
17860
10901
15402
8773
1904
13245
1576
5327
14598
20569
9020
14601
2572
833
8394
15625
12356
12987
18418
9569
1650
13381
2192
13263
2944
21815
21096
11407
12548
20289
19330
5981
5982
7273
11834
17055
21406
17957
4908
20419
12200
8421
6742
4283
864
4675
3926
21117
16648
20849
20580
1351
21032
16263
4954
14195
3306
8017
10058
20589
12970
18341
19512
373
5024
17085
16396
1697
8448
19729
18080
10611
12802
20153
18714
19915
17636
6027
21628
20249
11430
20371
15842
8193
18574
14135
13326
18667
2978
99
1210
13961
7392
12373
13064
8475
10846
10007
20358
20929
14510
16311
1312
14423
13344
20035
19466
6597
13918
17489
13080
7261
18212
6063
2494
9485
2556
2047
1028
19569
8350
2561
8502
1963
1934
8235
7186
8867
13908
4579
11210
20661
18442
18683
1764
7465
19136
17967
17818
419
20670
8191
15992
5013
2884
9965
9876
4327
13928
8529
14950
15731
17982
15313
3224
11505
7846
7997
6108
16849
17900
18801
1012
20783
984
6505
4496
13407
13888
629
7470
3721
18902
183
304
3425
8556
6067
7658
5859
1570
19451
9102
11113
4784
13425
15256
17117
13968
16429
560
5871
17062
8573
6144
19585
7136
9927
4558
5969
12360
18151
14792
8583
19054
21455
15606
9697
13808
6699
14380
1571
20742
13663
16334
9135
9976
2207
10758
5749
12650
20751
3412
13643
12384
5395
14906
2667
14128
4289
8610
10171
13382
3483
17824
8165
4296
17647
20228
6189
12070
15551
4302
3523
3854
15645
16306
16727
13488
9109
20150
14841
6232
1973
14844
10105
15656
8637
1288
5309
13230
4081
2522
1893
20914
17015
13506
10477
14768
21339
18940
5501
20532
4993
20804
6225
14806
4787
17298
7069
10910
5151
6082
5153
8664
14275
19106
1107
12208
18749
21360
2311
13802
20823
8884
13985
16506
12487
7148
3549
15550
3011
20832
20503
11294
19755
7906
19847
17328
2059
16520
8691
5392
11033
10854
20335
13106
18957
5578
10589
6270
7291
13202
11673
6034
8795
8436
4237
7088
13569
4330
17801
342
8743
6914
7635
19906
6017
8718
18379
2960
20601
6592
7463
16554
8845
7376
13587
5698
12419
6840
21451
10442
13323
14794
11165
6306
10027
2438
2799
9580
15851
19812
15883
17384
8745
9496
16757
8478
14719
1820
14151
12112
4163
20904
4105
11636
2007
14998
12089
18210
3481
15242
20913
15724
8945
5256
10417
2918
10119
11860
6881
8772
613
8684
18225
976
18047
11748
15379
950
6351
2512
10853
19044
8545
13736
1227
14038
19319
13650
21421
15452
7713
11254
11855
426
7837
18248
8799
13600
611
6102
9103
12404
9345
18646
19607
13668
919
10070
14211
2092
15383
6114
2725
1526
6387
5248
89
10170
12091
20792
12603
3814
7745
8826
4717
14408
15849
17230
6761
6942
43
16394
20985
21196
9287
9378
17509
17030
11001
13282
5603
20994
10945
6596
12627
12928
7859
2910
21661
19112
8853
17704
6335
3726
3487
1118
4539
3310
13181
6432
19603
8504
4545
11056
18677
15888
1969
9680
13731
16642
13103
15084
13765
16796
15087
17638
8609
8880
8821
20132
13473
11614
17345
2136
6577
9968
13749
18010
7721
21582
4603
20324
20775
12526
13757
6468
469
19610
17541
14602
3863
5394
13615
19976
8907
21808
12059
1350
19741
11702
21603
9844
6755
21066
16417
6938
16749
20020
101
3792
1213
17834
21075
6166
4247
19998
15439
12800
17571
9592
9473
8934
12925
3986
11097
5998
6059
19200
13111
3542
6513
14824
6155
11916
13567
1748
8679
11770
41
13812
11863
10754
585
16276
21737
7878
5569
20840
8961
4042
17783
20844
14125
416
16797
16378
329
13830
13231
5372
7083
7114
3395
13566
457
4118
6549
17560
17261
3042
17113
8804
20055
1546
10337
8988
17029
9710
8721
382
16643
14394
19645
18986
21147
11638
4589
2250
661
5042
18453
11014
8195
21156
1387
1898
5499
17950
17741
10362
19393
21704
9015
8146
1637
18468
8509
11000
11991
1042
15773
6594
10045
3806
19287
16078
6689
1470
21571
12272
13893
7084
8405
7956
18787
4808
669
15370
11201
9042
21133
15434
6345
16636
5357
9588
4309
12560
13911
8452
3023
14454
9625
8336
6357
10258
16349
6630
12781
14912
10413
19624
13745
12846
11347
698
9069
12250
7361
16092
2893
21584
7185
7576
9347
21228
6859
2240
9621
3172
9983
11244
20815
20426
21237
18478
21419
12870
20461
812
3153
7324
12065
9096
3367
21158
3969
11020
15941
4782
10843
6134
6675
5266
1457
4788
18589
11630
16131
9502
2633
13974
2305
6056
15327
21298
9749
15330
3301
1562
9123
16354
13085
13716
19147
10298
2379
14110
2921
13992
3673
674
21825
12136
13277
21018
20059
6710
6711
8002
12563
17784
265
18686
5637
21148
12929
9150
7471
5012
1593
5404
4655
21846
17377
21578
21309
2080
21761
16992
5683
14924
4035
8746
10787
21318
13699
19070
20241
1102
5753
17814
17125
2426
9177
20458
18809
11340
13531
20882
19443
20644
18365
6756
487
20978
12159
21100
16571
8922
19303
14864
14055
19396
3707
828
1939
14690
8121
13102
13793
9204
11575
10736
21087
21658
15239
17040
2041
15152
14073
20764
20195
7326
14647
18218
13809
7990
18941
6792
3223
10214
3285
2776
1757
20298
9079
3290
9231
2692
2663
8964
7915
9596
14637
5308
11939
21390
19171
19412
2493
8194
19865
18696
18547
1148
21399
8920
16721
5742
3613
10694
10605
5056
14657
9258
15679
16460
18711
16042
3953
12234
8575
8726
6837
17578
18629
19530
1741
21512
1713
7234
5225
14136
14617
1358
8199
4450
19631
912
1033
4154
9285
6796
8387
6588
2299
20180
9831
11842
5513
14154
15985
17846
14697
17158
1289
6600
17791
9302
6873
20314
7865
10656
5287
6698
13089
18880
15521
9312
19783
314
16335
10426
14537
7428
15109
2300
21471
14392
17063
9864
10705
2936
11487
6478
13379
21480
4141
14372
13113
6124
15635
3396
14857
5018
9339
10900
14111
4212
18553
8894
5025
18376
20957
6918
12799
16280
5031
4252
4583
16374
17035
17456
14217
9838
20879
15570
6961
2702
15573
10834
16385
9366
2017
6038
13959
4810
3251
2622
21643
17744
14235
11206
15497
198
19669
6230
21261
5722
21533
6954
15535
5516
18027
7798
11639
5880
6811
5882
9393
15004
19835
1836
12937
19478
219
3040
14531
21552
9613
14714
17235
13216
7877
4278
16279
3740
21561
21232
12023
20484
8635
20576
18057
2788
17249
9420
6121
11762
11583
21064
13835
19686
6307
11318
6999
8020
13931
12402
6763
9524
9165
4966
7817
14298
5059
18530
1071
9472
7643
8364
20635
6746
9447
19108
3689
21330
7321
8192
17283
9574
8105
14316
6427
13148
7569
310
11171
14052
15523
11894
7035
10756
3167
3528
10309
16580
20541
16612
18113
9474
10225
17486
9207
15448
2549
14880
12841
4892
21633
4834
12365
2736
15727
12818
18939
4210
15971
21642
16453
9674
5985
11146
3647
10848
12589
7610
9501
1342
9413
18954
1705
18776
12477
16108
1679
7080
3241
11582
19773
9274
14465
1956
14767
20048
14379
280
16181
8442
11983
12584
1155
8566
18977
9528
14329
1340
6831
9832
13133
10074
19375
20336
14397
1648
10799
14940
2821
16112
6843
3454
2255
7116
5977
818
10899
12820
21521
13332
4543
8474
9555
5446
15137
16578
17959
7490
7671
772
17123
21714
55
10016
10107
18238
17759
11730
14011
6332
21723
11674
7325
13356
13657
8588
3639
520
19841
9582
18433
7064
4455
4216
1847
5268
4039
13910
7161
20332
9233
5274
11785
19406
16617
2698
10409
14460
17371
13832
15813
14494
17525
15816
18367
9338
9609
9550
20861
14202
12343
18074
2865
7306
10697
14478
18739
8450
441
5332
21053
21504
13255
14486
7197
1198
20339
18270
15331
4592
6123
14344
20705
9636
667
12788
2079
20470
12431
462
10573
7484
21795
17146
7667
17478
20749
830
4521
1942
18563
21804
6895
4976
20727
16168
13529
18300
10321
10202
9663
13654
4715
11826
6727
6788
19929
13840
4271
7242
15553
6884
12645
14296
2477
9408
12499
770
14541
12592
11483
1314
17005
596
8607
6298
21569
9690
4771
18512
21573
14854
1145
17526
17107
1058
14559
13960
6101
7812
7843
4124
14295
1186
4847
7278
18289
17990
3771
17842
9533
20784
2275
11066
9717
17758
10439
9450
1111
17372
15123
20374
19715
6
12367
5318
2979
1390
5771
19182
11743
8924
15
2116
2627
6228
18679
18470
11091
20122
563
9744
8875
2366
19197
9238
11729
12720
1771
16502
7323
10774
4535
20016
16807
7418
2199
430
13001
14622
7813
9134
8685
19516
5537
1398
16099
11930
9771
21862
16163
7074
17365
6086
10317
5038
13289
14640
9181
3752
15183
10354
9065
7086
10987
17078
7359
13510
15641
11142
20353
14474
13575
12076
1427
9798
12979
8090
16821
3622
443
7914
8305
10076
87
7588
2969
10350
3901
10712
11973
21544
21155
96
19207
278
13599
21190
1541
3882
8053
12794
9825
4096
17
4698
11749
16670
5511
11572
6863
7404
5995
2186
5517
19318
12359
16860
10231
3362
14703
3034
6785
16056
157
10478
16059
4030
2291
9852
17083
13814
14445
19876
11027
3108
14839
3650
14721
4402
1403
684
12865
14006
21747
20788
7439
7440
8731
13292
18513
994
19415
6366
7
13658
9879
8200
5741
2322
6133
5384
705
18106
437
168
2809
620
17721
6412
15653
4764
9475
11516
177
14428
19799
20970
1831
6482
18543
17854
3155
9906
21187
19538
12069
14260
21611
20172
21373
19094
7485
1216
21707
12888
21829
17300
9651
20032
15593
14784
20125
4436
1557
2668
15419
8850
13831
14522
9933
12304
11465
21816
517
15968
17769
2770
15881
14802
21493
20924
8055
15376
18947
14538
8719
19670
7521
3952
10943
4014
3505
2486
21027
9808
4019
9960
3421
3392
9693
8644
10325
15366
6037
12668
249
19900
20141
3222
8923
20594
19425
19276
1877
258
9649
17450
6471
4342
11423
11334
5785
15386
9987
16408
17189
19440
16771
4682
12963
9304
9455
7566
18307
19358
20259
2470
371
2442
7963
5954
14865
15346
2087
8928
5179
20360
1641
1762
4883
10014
7525
9116
7317
3028
20909
10560
12571
6242
14883
16714
18575
15426
17887
2018
7329
18520
10031
7602
21043
8594
11385
6016
7427
13818
19609
16250
10041
20512
1043
17064
11155
15266
8157
15838
3029
330
15121
17792
10593
11434
3665
12216
7207
14108
339
4870
15101
13842
6853
16364
4125
15586
5747
10068
11629
14840
4941
19282
9623
5754
19105
21686
7647
13528
17009
5760
4981
5312
17103
17764
18185
14946
10567
21608
16299
7690
3431
16302
11563
17114
10095
2746
6767
14688
5539
3980
3351
502
18473
14964
11935
16226
927
20398
6959
120
6451
392
7683
16264
6245
18756
8527
12368
6609
7540
6611
10122
15733
20564
2565
13666
20207
948
3769
15260
411
10342
15443
17964
13945
8606
5007
17008
4469
420
91
12752
21213
9364
21305
18786
3517
17978
10149
6850
12491
12312
21793
14564
20415
7036
12047
7728
8749
14660
13131
7492
10253
9894
5695
8546
15027
5788
19259
1800
10201
8372
9093
21364
7475
10176
19837
4418
189
8050
8921
18012
10303
8834
15045
7156
13877
8298
1039
11900
14781
16252
12623
7764
11485
3896
4257
11038
17309
21270
17341
18842
10203
10954
18215
9936
16177
3278
15609
13570
5621
492
5563
13094
3465
16456
13547
19668
4939
16700
501
17182
10403
6714
11875
4376
11577
13318
8339
10230
2071
10142
19683
2434
19505
13206
16837
2408
7809
3970
12311
20502
10003
15194
2685
15496
20777
15108
1009
16910
9171
12712
13313
1884
9295
19706
10257
15058
2069
7560
10561
13862
10803
20104
21065
15126
2377
11528
15669
3550
16841
7572
4183
2984
7845
6706
1547
11628
13549
380
14061
5272
9203
10284
6175
15866
17307
18688
8219
8400
1501
17852
573
784
10745
10836
18967
18488
12459
14740
7061
582
12403
8054
14085
14386
9317
4368
1249
20570
10311
19162
7793
5184
4945
2576
5997
4768
14639
7890
21061
9962
6003
12514
20135
17346
3427
11138
15189
18100
14561
16542
15223
18254
16545
19096
10067
10338
10279
21590
14931
13072
18803
3594
8035
11426
15207
19468
9179
1170
6061
21782
363
13984
15215
7926
1927
21068
18999
16060
5321
6852
15073
21434
10365
1396
13517
2808
21199
13160
1191
11302
8213
654
17875
8396
18207
21478
1559
5250
2671
19292
663
7624
5705
21456
16897
14258
19029
11050
10931
10392
14383
5444
12555
7456
7517
20658
14569
5000
7971
16282
7613
13374
15025
3206
10137
13228
1499
15270
13321
12212
2043
17734
1325
9336
7027
428
10419
5500
19241
432
15583
1874
18255
17836
1787
15288
14689
6830
8541
8572
4853
15024
1915
5576
8007
19018
18719
4500
18571
10262
21513
3004
11795
10446
18487
11168
10179
1840
18101
15852
21103
20444
735
13096
6047
3708
2119
6500
19911
12472
9653
744
2845
3356
6957
19408
19199
11820
20851
1292
10473
9604
3095
19926
9967
12458
13449
2500
17231
8052
11503
5264
20745
17536
8147
2928
1159
13730
15351
8542
9863
9414
20245
6266
2127
16828
12659
10500
721
16892
7803
18094
6815
11046
5767
14018
15369
9910
4481
15912
11083
9794
7815
11716
17807
8088
14239
16370
11871
21082
15203
14304
12805
2156
10527
13708
8819
17550
4351
1172
8643
9034
10805
816
8317
3698
11079
4630
11441
12702
403
14
825
19936
1007
14328
49
2270
4611
8782
13523
10554
4825
746
5427
12478
17399
6240
12301
7592
8133
6724
2915
6246
20047
13088
17589
10960
4091
15432
3763
7514
16785
886
11207
16788
4759
3020
10581
17812
14543
15174
20605
11756
3837
15568
4379
15450
5131
2132
1413
13594
14735
606
21517
8168
8169
9460
14021
19242
1723
20144
7095
736
14387
10608
8929
6470
3051
6862
6113
1434
18835
1166
897
3538
1349
18450
7141
16382
5493
10204
12245
906
15157
20528
21699
2560
7211
19272
18583
3884
10635
46
20267
12798
14989
470
20901
232
19823
8214
1945
566
13617
688
18029
10380
20761
16322
15513
20854
5165
2286
3397
16148
9579
14560
15251
10662
13033
12194
675
1246
16697
18498
3499
16610
15531
352
21653
8784
16105
19676
15267
9448
20399
8250
4681
11672
4743
4234
3215
21756
10537
4748
10689
4150
4121
10422
9373
11054
16095
6766
13397
978
20629
20870
3951
9652
21323
20154
20005
2606
987
10378
18179
7200
5071
12152
12063
6514
16115
10716
17137
17918
20169
17500
5411
13692
10033
10184
8295
19036
20087
20988
3199
1100
3171
8692
6683
15594
16075
2816
9657
5908
21089
2370
2491
5612
10743
8254
9845
8046
3757
21638
11289
13300
6971
15612
17443
19304
16155
18616
2747
8058
19249
10760
8331
21772
9323
12114
6745
8156
14547
20338
16979
10770
21241
1772
17793
11884
15995
8886
16567
3758
1059
15850
18521
11322
12163
4394
12945
7936
14837
1068
5599
15830
14571
7582
17093
4854
16315
6476
10797
12358
15569
5670
20011
10352
6483
19834
545
8376
14257
17738
6489
5710
6041
17832
18493
18914
15675
11296
467
17028
8419
4160
17031
12292
17843
10824
3475
7496
15417
6268
4709
4080
1231
19202
15693
12664
16955
1656
21127
7688
849
7180
1121
8412
16993
6974
19485
9256
13097
7338
8269
7340
10851
16462
21293
3294
14395
20936
1677
4498
15989
1140
11071
16172
18693
14674
9335
5736
17737
5198
1149
820
13481
72
10093
164
19515
4246
18707
10878
7579
13220
13041
652
15293
21144
7765
12776
8457
9478
15389
13860
8221
10982
10623
6424
9275
15756
6517
19988
2529
10930
9101
9822
223
8204
10905
20566
5147
918
8779
9650
18741
11032
9563
15774
7885
14606
9027
1768
12629
15510
16981
13352
8493
12214
4625
4986
11767
18038
129
18070
19571
10932
11683
18944
10665
16906
4007
16338
14299
6350
1221
6292
13823
4194
17185
14276
20397
5668
17429
1230
17911
11132
7443
12604
5105
12306
14047
9068
10959
2800
10871
20412
3163
20234
13935
17566
3137
8538
4699
13040
21231
10732
15923
3414
16225
21506
15837
1738
17639
9900
13441
14042
2613
10024
20435
10986
15787
2798
8289
11290
14591
11532
20833
21794
15855
3106
12257
16398
4279
17570
8301
4912
3713
8574
7435
2276
12357
14278
1109
14790
6001
9932
11013
6904
16595
18036
19417
8948
9129
2230
18581
1302
1513
11474
11565
19696
19217
13188
15469
7790
1311
13132
8783
14814
15115
10046
5097
1978
21299
11040
19891
8522
5913
5674
3305
6726
5497
15368
8619
21790
10691
6732
13243
20864
18075
4156
11867
15918
18829
15290
17271
15952
18983
17274
19825
10796
11067
11008
449
15660
13801
19532
4323
8764
12155
15936
20197
9908
1899
6790
641
1092
14713
15944
8655
2656
21797
19728
16789
6050
7581
15802
293
11094
2125
14246
3537
58
13889
1920
12031
8942
1383
18604
9125
18936
337
2288
5979
3400
20021
1392
8353
6434
315
17626
14987
19758
11779
11660
11121
15112
6173
13284
8185
8246
21387
15298
5729
8700
17011
8342
14103
15754
3935
10866
13957
2228
15999
14050
12941
2772
18463
2054
10065
7756
1157
11148
6229
19970
1161
16312
2603
18984
18565
2516
16017
15418
7559
9270
9301
5582
15753
2644
6305
8736
19747
19448
5229
19300
10991
372
3733
12524
11175
19216
11897
10908
2569
18830
16581
21832
21173
1464
13825
6776
4437
2848
7229
20640
13201
10382
1473
3574
4085
7686
20137
19928
12549
21580
2021
11202
10333
3824
20655
10696
13187
14178
3229
17960
8781
12232
5993
21474
18265
8876
3657
1888
14459
16080
9271
10592
10143
20974
6995
2856
17557
13388
11229
1450
17621
8532
18823
7544
11775
6496
14747
16098
10639
5210
16641
11812
10523
8544
12445
18536
8817
14968
17099
12600
21811
15932
15033
13534
2885
11256
14437
9548
18279
5080
1901
9372
9763
11534
1545
9046
4427
11808
5359
12170
13431
1132
743
1554
20665
1736
15057
778
2999
5340
9511
14252
11283
5554
1475
6156
13207
18128
6969
13030
8321
8862
7453
3644
6975
20776
13817
18318
11689
4820
16161
4492
8243
17514
1615
11936
17517
5488
3749
11310
18541
15272
15903
21334
12485
4566
16297
5108
16179
5860
2861
2142
14323
15464
1335
376
8897
8898
10189
14750
19971
2452
20873
7824
1465
15116
11337
9658
7199
3780
7591
6842
2163
19564
1895
1626
4267
2078
19179
7870
17111
6222
10933
12974
1635
15886
21257
558
3289
7940
20001
19312
4613
11364
775
20996
13527
15718
1199
21630
961
20552
8943
2674
1295
14346
1417
18758
11109
21490
17051
16242
21583
5894
3015
4126
16877
10308
15289
15980
11391
13762
12923
1404
1975
17426
19227
4228
17339
16260
1081
512
9513
16834
20405
15996
10177
21128
8979
5410
12401
5472
4963
3944
615
11266
5477
11418
4879
4850
11151
10102
11783
16824
7495
14126
1707
21358
21599
4680
10381
182
20883
20734
3335
1716
11107
18908
7929
5800
12881
12792
7243
16844
11445
17866
18647
20898
18229
6140
14421
10762
10913
9024
19765
20816
21717
3928
1829
3900
9421
7412
16323
16804
3545
10386
6637
21818
3099
3220
6341
11472
8983
10574
8775
4486
497
12018
14029
7700
16341
18172
20033
16884
19345
3476
8787
19978
11489
9060
631
10052
12843
7474
8885
15276
21067
17708
11499
100
2501
18522
12613
16724
9615
17296
4487
1788
16579
19250
12051
12892
5123
13674
8665
15566
1797
6328
16559
15300
8311
17822
5583
17044
7205
11526
13087
16298
6399
20740
11081
7212
20563
1274
9105
14986
18467
7218
6439
6770
18561
19222
19643
16404
12025
1196
17757
9148
4889
17760
13021
18572
11553
4204
8225
16146
6997
5438
4809
1960
19931
16422
13393
17684
2385
21856
8417
1578
7909
1850
9141
17722
7703
20214
9985
13826
8067
8998
8069
11580
17191
152
4023
15124
21665
2406
5227
16718
1869
11800
16901
19422
15403
10064
6465
18466
5927
1878
1549
14210
801
10822
893
20244
4975
19436
11607
8308
13949
13770
1381
16022
3
8494
13505
9186
10207
16118
14589
8950
11711
11352
7153
10004
16485
7246
20717
3258
11659
9830
10551
952
8933
11634
21295
5876
1647
9508
10379
19470
11761
10292
16503
8614
15335
9756
2497
13358
16239
17710
14081
9222
12943
5354
5715
12496
18767
858
18799
20300
11661
12412
19673
11394
17635
4736
17067
15028
7079
1950
7021
14552
4923
17914
15005
21126
6397
18158
1959
18640
11861
8172
13333
5834
13035
14776
9797
11688
3529
11600
21141
3892
20963
14664
18295
3866
9267
5428
13769
90
11461
16652
4143
16954
365
16566
2467
18368
10629
14170
14771
3342
10753
21164
11715
16516
3527
9018
12019
15320
12261
21562
653
16584
3835
12986
17127
5008
18299
9030
5641
4442
9303
8164
3005
13086
15007
1838
15519
6730
10661
11742
7633
17324
18765
20146
9677
9858
2959
19310
2031
2242
12203
12294
20425
19946
13917
16198
8519
2040
13861
9512
15543
15844
10775
5826
2707
158
11769
20620
9251
6642
6403
4034
7455
6226
16097
9348
649
11420
7461
13972
21593
18804
4885
12596
16647
19558
16019
18000
16681
19712
18003
20554
11525
11796
11737
1178
16389
14530
20261
5052
9493
12884
16665
20926
10637
2628
7519
1370
1821
15442
16673
9384
3385
656
20457
17518
6779
8310
16531
1022
11823
2854
14975
4266
787
14618
2649
12760
9671
2112
19333
9854
19665
1066
3017
6708
4129
20750
2121
9082
7163
1044
18355
15716
20487
12508
12389
11850
15841
6902
14013
8914
8975
246
16027
6458
9429
17740
9071
14832
16483
4664
11595
14686
2957
16728
14779
13670
3501
19192
2783
10794
8485
1886
11877
6958
20699
1890
17041
3332
19713
19294
3245
16746
16147
8288
9999
10030
6311
16482
3373
7034
9465
20476
20177
5958
20029
11720
1101
4462
13253
11904
19945
12626
11637
3298
19559
17310
691
32
2193
14554
7505
5166
3577
7958
21369
13930
11111
2202
4303
4814
8415
20866
20657
13278
439
2750
11931
11062
4553
21384
11425
13916
14907
3958
18689
9510
12961
6722
333
18994
9605
4386
2617
15188
16809
10000
11321
10872
21703
7724
3585
18286
14117
11958
2179
18350
9261
19552
8273
12504
7225
15476
16827
11368
5939
17370
12541
11252
9273
13174
19265
9546
15697
17828
13329
670
16661
15762
14263
3614
11985
15166
10277
19008
5809
2630
10101
10492
12263
2274
9775
5156
12537
6088
12899
14160
1861
1472
2283
21394
2465
15786
1507
3728
6069
10240
14981
12012
6283
2204
6885
13936
18857
7698
13759
9050
9591
8182
4373
7704
21505
14546
19047
12418
5549
16890
5221
8972
18243
2344
12665
18246
6217
4478
12039
19270
16001
16632
193
13214
5295
17026
5837
16908
6589
3590
2871
15052
16193
2064
1105
9626
9627
10918
15479
20700
3181
21602
8553
2194
15845
12066
10387
7928
4509
8320
7571
2892
20293
2624
2355
4996
2807
19908
8599
17840
6951
11662
13703
2364
16615
116
1287
4018
8669
20730
20041
5342
12093
1504
21725
14256
16447
1928
489
1690
21281
9672
3403
2024
15075
2146
19487
11838
349
17780
16971
442
6623
3744
4855
17606
11037
16018
16709
12120
14491
13652
2133
2704
18155
19956
4957
18068
16989
1810
1241
10242
17563
21134
16725
10906
21857
9708
6139
13130
6201
5692
4673
1344
11995
6206
12147
5608
5579
11880
10831
12512
17553
8224
14855
2436
217
458
5409
11110
911
21612
21463
4064
2445
11836
19637
8658
6529
13610
13521
7972
17573
12174
18595
19376
21627
18958
6869
15150
11491
11642
9753
20494
21545
576
4657
2558
4629
10150
8141
17052
17533
4274
11115
7366
677
3828
3949
7070
12201
9712
11303
9504
5215
1226
12747
14758
8429
17070
18901
20762
17613
20074
4205
9516
20707
12218
9789
1360
10781
13572
8203
9614
16005
21796
18437
12228
829
3230
19251
13342
17453
10344
18025
5216
2517
17308
19979
12780
13621
5852
14403
9394
16295
2526
7057
17288
16029
9040
18551
6312
17773
7934
12255
13816
17027
7128
21469
11810
7941
21292
2003
9834
15715
19196
7947
7168
7499
19290
19951
20372
17133
12754
1925
18486
9877
5618
18489
13750
19301
12282
4933
8954
16875
7726
6167
5538
2689
20660
17151
14122
18413
3114
715
9146
2307
8638
2579
9870
18451
8432
20943
10714
14555
8796
9727
8798
12309
17920
881
4752
15853
524
3135
5956
17447
2598
12529
17630
20151
16132
10793
7194
19195
6656
2607
2278
14939
1530
11551
1622
20973
5704
20165
12336
9037
14678
14499
2110
16751
732
9223
14234
9915
10936
16847
15318
9679
12440
12081
7882
10733
17214
7975
21446
3987
12388
10559
11280
1681
9662
12363
154
6605
2376
10237
11108
20199
12490
11021
17232
9343
16064
10485
3226
14087
16968
18439
14810
9951
13672
6083
6444
13225
19496
1587
19528
21029
12390
13141
20402
12123
18364
5465
17796
15757
7808
2679
7750
15281
5652
18643
15734
21855
7126
18887
2688
19369
12590
8901
14062
6563
13764
15505
10526
12417
4258
12329
0
4621
21692
15393
19024
4595
9996
6157
14498
819
12190
17381
4872
17683
1094
17295
3196
19097
11358
14899
15500
4071
11482
23
12444
17245
4256
9747
12748
16049
12990
421
1382
17313
4564
13715
17856
5737
19028
9759
6370
5171
10032
8893
3734
13815
15736
2567
16248
7459
11390
12471
8362
18053
19494
20875
10406
10587
3688
20039
2760
2971
12932
13023
21154
20675
14646
16927
9248
2769
14590
10241
16272
16573
11504
6555
3436
887
12498
21349
9980
7371
7132
4763
8184
6955
16826
10077
1378
12149
8190
14701
452
19533
5614
13325
17376
20287
16748
18729
17410
20441
18732
21283
12254
12525
12466
1907
17118
15259
20990
5781
10222
13613
17394
21655
11366
3357
8248
2099
2550
16171
17402
10113
4114
1385
21186
18247
7508
9039
17260
1751
12552
3583
15704
4995
1516
15347
3378
13489
10400
2841
20062
10583
20394
1795
3746
7437
4858
21479
2850
9811
7892
1773
19084
16445
21216
13237
13118
12579
16570
7631
14742
9643
9704
975
16756
7187
10158
18469
9800
15561
17212
5393
12324
15415
3686
17457
15508
14399
4230
19921
3512
11523
9214
2615
12606
7687
21428
2619
17770
4061
20442
20023
3974
17475
16876
9017
10728
10759
7040
17211
4102
7763
10194
21205
20906
6687
20758
12449
1830
5191
13982
12633
20674
13355
12366
4027
20288
18039
1420
761
2922
15283
8234
5895
4306
8687
228
14659
11840
2931
5032
5543
9144
21595
21386
14007
1168
3479
12660
11791
5282
243
12154
14645
15636
4687
19418
10239
13690
7451
1062
19723
10334
5115
3346
15917
17538
10729
12050
11601
562
8453
4314
19015
14846
12687
2908
19079
9990
20281
9002
13233
7954
16205
17556
12097
6668
18099
13270
11981
10002
13903
19994
10275
16426
18557
14058
1399
17390
16491
14992
4343
12714
15895
11006
19737
6538
3359
10830
11221
12992
3003
10504
5885
13266
6817
13628
14889
2590
2201
3012
253
3194
16515
2236
4457
6798
10969
15710
12741
7012
2933
7614
14665
19586
8427
14488
9779
10320
8911
5102
8433
364
15275
19776
13147
6278
17619
5950
9701
18972
3073
13394
18975
6946
5207
12768
19999
16730
17361
922
13943
6024
17755
6566
17637
7318
4319
3600
15781
16922
2793
1834
10355
10356
11647
16208
21429
3910
461
9282
2923
16574
12795
11116
8657
5238
9049
8300
3621
21022
3353
3084
5725
3536
20637
9328
18569
7680
12391
14432
3093
17344
845
2016
4747
9398
21459
20770
6071
12822
2233
584
14985
17176
2657
1218
2419
140
10401
4132
2753
15804
2875
20216
12567
1078
18509
17700
1171
7352
4473
5584
18335
11766
16747
17438
12849
15220
14381
2862
3433
18884
20685
5686
18797
17718
2539
1970
10971
18292
21863
17454
11635
716
10437
6868
13859
6930
6421
5402
2073
12724
6935
12876
6337
6308
12609
11560
13241
18282
8953
15584
3165
946
1187
6138
11839
1640
471
322
4793
3174
12565
20366
9387
7258
14339
14250
8701
18302
12903
19324
20105
486
19687
7598
15879
12220
12371
10482
21223
404
1305
5386
3287
5358
10879
8870
17781
18262
5003
11844
8095
1406
4557
4678
7799
12930
10441
12032
10233
5944
1955
13476
15487
9158
17799
19630
21491
18342
20803
4934
10245
21436
12947
10518
2089
11510
14301
8932
10343
16734
655
19166
12957
1558
3959
19980
14071
18182
11073
18754
5945
3246
18037
20708
13509
14350
6581
15132
10123
17024
3255
7786
18017
16758
9769
19280
7041
18502
8663
12984
14545
17756
7857
328
12539
8670
151
2732
10563
16444
19925
8676
7897
8228
20019
20680
21101
17862
13483
2654
19215
10606
6347
19218
14479
20030
13011
5662
9683
17604
8455
6896
6267
3418
21389
17880
14851
19142
3843
1444
9875
3036
9367
3308
10599
19180
9161
21672
11443
15284
9525
10456
9527
13038
18649
1610
5481
16582
1253
3864
6685
18176
3327
13258
18359
20880
16861
11522
7923
19924
7385
3336
3007
15668
2259
12280
2351
21702
6433
20894
13065
9766
15407
15228
2839
17480
1461
9952
14963
10644
11665
17576
16047
10408
13169
12810
8611
11462
17943
8704
305
4716
13117
11288
12009
2410
10391
13092
883
7334
3105
10966
11837
20928
13219
11750
17961
10072
16793
11214
3955
14816
17697
19168
15539
10680
14401
6812
7173
13954
20225
2316
20257
21758
13119
13870
21131
12852
19093
6194
18525
16486
8537
3408
8479
16010
6381
19372
16463
714
7855
19616
3417
20098
13319
9630
14791
7292
14493
16234
11255
13146
4987
13058
729
5350
551
16122
19753
5324
10725
6886
15227
1548
12919
18110
5601
18412
1823
18024
3925
19826
12087
15628
16229
4800
12211
752
13173
17974
4985
10476
13477
16778
13719
1150
2111
18042
5293
14444
18585
6466
19757
10488
7099
5900
10761
9622
4463
14544
16465
3296
16977
8188
12119
13200
9091
18782
20223
21604
11135
11316
4417
20768
3489
3700
13661
13752
13
21404
15375
17656
9977
3498
15319
10970
17001
17302
12233
7284
4165
1616
13227
208
10709
8100
7861
5492
8913
7684
17555
10806
2107
12878
8919
15430
1181
20262
6343
14054
18105
21016
17477
19458
18139
21170
19461
142
12983
13254
13195
2636
17847
15988
21719
6510
10951
14342
18123
514
12095
4086
8977
2828
3279
16900
18131
10842
4843
2114
45
18976
8237
9768
17989
2480
13281
4312
16433
5724
2245
16076
4107
14218
11129
3570
20791
11312
21123
2524
4475
8166
5587
338
3579
10540
8621
2502
19813
17174
75
13966
13847
13308
17299
8360
15471
10372
10433
1704
17485
7916
10887
19198
10529
16290
17941
6122
13053
16144
4415
18186
16237
15128
4959
20650
4241
12252
9943
3344
13335
8416
287
3348
18499
4790
21171
20752
4703
18204
17605
9746
11457
11488
7769
17940
4831
8492
10923
64
21635
7416
21487
13178
2559
5920
14711
13362
21403
14084
13095
4756
21017
18768
2149
1490
3651
16012
8963
6624
5035
9416
957
15388
12569
3660
5761
6272
9873
454
245
14736
1897
4208
13389
12520
6011
972
12883
15374
16365
5416
20147
10968
14419
8180
1791
20452
11063
5844
4075
16646
18267
11458
12779
12330
1291
9182
5043
19744
15575
13416
3637
19808
10719
21010
9731
13962
8683
16934
18285
12826
7397
18828
13999
12710
10731
14632
20723
11004
17155
19286
14787
2128
18119
17220
15721
5072
13443
16624
11735
20466
7267
4088
11559
11950
13721
3732
11233
6614
13995
7546
14357
15618
3319
2930
3741
982
3923
17244
2965
5186
7527
11698
16439
13470
7741
3662
8343
15394
20315
9156
15217
10508
11049
9640
5831
9162
1093
16004
20505
13876
7007
18348
6679
10430
19701
3802
14123
19704
7675
5936
13497
20728
17459
18090
1651
14672
6753
18484
7295
18366
8047
5048
4329
16510
17651
3522
2563
11084
11085
12376
16937
288
4639
1190
10011
3652
17303
13524
11845
9386
5967
9778
9029
4350
21751
4082
3813
6454
4265
21366
10057
19298
8409
13120
15161
3822
18073
1574
2745
5476
10127
318
21499
6800
13551
2962
1313
15714
17905
3386
1947
3148
869
11130
4861
3482
16533
3604
20945
13296
1807
19238
18429
1900
8081
5202
6313
19064
12495
17476
18167
13578
15949
15110
3591
4162
19613
21414
6415
19526
18447
3268
2699
11700
19021
722
18183
12364
1445
11166
7597
14588
7659
7150
6131
2802
13453
7664
13605
7066
7037
13338
12289
13970
19011
9682
16313
3894
1675
1916
6867
12568
2369
1200
1051
5522
3903
13294
21095
10116
7987
15068
14979
9430
19031
13632
20053
20834
1215
20416
8327
16608
12949
13100
11211
82
1133
2034
6115
4016
6087
11608
9599
18510
18991
5732
12573
8824
2135
5286
5407
8528
13659
11170
12761
10962
6673
2684
14205
16216
9887
18528
20359
350
19071
21532
5663
10974
295
13676
11247
2818
12239
15030
9661
11072
17463
1384
19895
13686
2287
4688
20709
14800
18911
11802
19483
6674
3975
18766
21437
14238
15079
7310
15861
10852
17753
3984
8515
18746
17487
10498
20009
7770
19231
9392
13713
15274
18485
8586
1057
13268
9399
880
3461
11292
17173
20654
9405
8626
8957
20748
21409
21830
18591
14212
3383
19944
11335
7076
19947
15208
20759
13740
6391
10412
18333
9184
7625
6996
4147
248
18609
15580
19871
4572
2173
10604
3765
10096
4037
11328
19909
9890
531
12172
16013
10254
11185
10256
13767
19378
2339
6210
17311
1982
4593
7414
18905
4056
13987
19088
21609
17590
12251
8652
20653
8114
4065
3736
16397
2988
13009
3080
561
7162
21623
13794
10495
16136
15957
3568
18209
2190
10681
15692
11373
12394
18305
16776
11137
13898
13539
9340
12191
18672
9433
1034
5445
13846
12017
12738
3139
11120
13821
1612
8063
3834
11695
12566
21657
13948
12479
18690
10801
17522
11943
4684
15545
18426
19897
16268
11409
15130
7541
7902
14683
20954
3045
20986
617
13848
14599
21860
13581
19822
6923
19254
17215
9266
4137
9208
16739
7110
20101
17192
1443
8584
20345
4146
20827
14048
10359
15520
8021
15222
16963
11984
13875
5716
13787
1458
6079
1280
16851
20482
6053
11454
7615
15956
2277
13648
18839
6330
19141
2552
18753
4654
20555
12816
16357
16958
5529
12940
1481
13902
18703
5714
11205
14206
17507
14448
1879
2840
18771
6022
15173
19314
7195
20486
11217
7828
6629
11490
10351
5192
15273
17194
4025
17706
8917
12848
13929
9820
19511
20952
463
11864
12045
5146
21497
4218
4429
14390
14481
742
263
16104
18385
10706
4227
16048
11699
17730
18031
12962
8013
4894
2345
13956
937
11438
8829
8590
6221
9642
8413
18284
11535
2836
13607
9648
16159
1910
20991
7072
14783
18834
21745
18206
20187
18868
29
20190
871
13712
13983
13924
3365
18576
16717
578
7239
11680
15071
18852
1243
12824
4815
9706
3557
4008
17629
18860
11571
5572
2843
774
19705
8966
10497
18718
3209
14010
5041
17162
6453
2974
16805
4836
14947
11858
4299
21520
12041
21852
3253
5204
8895
6316
1067
4308
11269
9350
3231
20542
17903
804
14695
14576
14037
18028
9089
16200
11101
11162
2433
18214
8645
11616
19927
11258
17019
18670
6851
13782
16873
5144
18915
16966
15857
5688
21379
4970
12981
10672
4073
14064
9145
1016
4077
19228
5519
30
21481
5432
18933
18334
10475
12186
12217
8498
18669
5560
9221
11652
793
494
8145
346
13907
3288
6649
15440
14091
262
14813
13824
5485
21746
19497
2878
2219
4380
16741
9692
7353
5764
10145
1686
16117
13298
4389
6490
7001
10602
1183
974
15465
2626
4937
14118
13249
6740
1701
13612
16103
17094
6145
20876
11697
15148
8909
2520
21181
11792
6573
4804
17375
18996
12187
13508
13059
2020
9911
5772
20473
16304
14145
4366
20537
11448
21739
10460
14691
9412
17663
19014
13555
8126
19557
14728
13439
11460
15361
21452
11733
17884
20015
15516
2857
18848
17949
16450
5801
14172
17353
12464
21195
7996
4817
12288
12679
14450
4461
11962
7343
14724
8275
15086
16347
4048
3659
4470
1711
4652
17973
3694
5915
8256
12427
17168
14199
8470
4391
9072
16123
21044
9885
15946
11237
11778
10369
6560
9891
1822
16733
21234
14605
7736
19077
7408
11159
20430
4531
14852
20433
8404
6665
14226
21457
18188
18819
2380
15401
7482
19213
8024
19095
8776
5777
5058
17239
18380
4251
3292
11813
11814
13105
17666
1017
5368
1919
10740
4381
18032
14253
12574
10115
6696
10507
9758
5079
610
4811
4542
7183
4994
225
10786
20027
9138
13849
15890
4551
18802
2303
3474
6205
10856
1047
358
7529
14280
3691
2042
16443
18634
4115
2676
3877
1598
11859
5590
4211
17262
4333
21674
14025
2536
19967
19158
2629
8810
5931
7042
19793
13224
18205
18896
14307
16678
15839
4320
4891
20342
273
7144
20255
19176
3997
3428
12429
19750
1451
18912
13093
2174
11895
8326
15317
8388
7879
6860
3531
14182
8393
14334
7795
7766
14067
13018
14699
19740
10411
17042
4623
2404
2645
7596
13297
3098
1929
1780
6251
4632
14023
21824
10845
8716
15797
15708
10159
19760
14361
20782
21563
1944
21145
9056
17337
13678
13829
11940
811
1862
2763
6844
4745
6816
12337
10328
19239
19720
6461
13302
9553
2864
6015
6136
9257
14388
11899
13490
11691
7402
3413
14934
16945
10616
19257
21088
1079
19800
391
6392
11703
1024
14405
11976
3547
12968
15759
10390
11801
18192
2113
20624
14415
3016
5417
21438
15529
19640
12531
20212
7403
4704
19495
296
14967
15808
8039
16590
11581
18482
4713
9244
19475
18216
11227
20738
8499
19960
10121
14442
16003
19214
9315
1786
13997
10128
1609
4190
12021
17902
21383
10134
9355
9686
21477
268
689
19320
14941
4112
20673
12064
7805
20676
15937
21488
14469
7120
11141
19062
9913
8354
7725
4876
977
19338
16309
20600
5301
2902
11333
4494
10825
4766
12057
20638
10619
1260
12901
16742
10983
11914
10985
14496
20107
3068
6939
18040
2711
5322
8143
19634
4785
14716
19817
468
18319
12980
9381
21382
8843
4794
4465
17126
3717
13738
3809
1290
7891
482
14523
11224
16865
16686
4297
18938
2919
11410
16421
12102
13123
19034
17505
11866
14627
14268
10069
12920
19401
10162
1763
6174
14575
12746
13467
3868
11849
14550
2341
8792
4563
12424
13295
516
14677
13208
19419
11530
18251
12672
5413
16274
19155
20626
16997
12138
15859
8270
8631
15412
21683
3774
21715
1346
14577
15328
719
14310
20551
7652
19983
17944
9995
4866
9937
17468
7839
20830
17921
2172
9313
21074
4875
21556
14777
11088
16249
8750
15951
17692
12713
14604
6445
14516
2187
6808
2009
17580
21211
6782
12183
8344
16685
3006
14377
19568
7059
19870
3281
19482
5383
21284
13545
17086
17687
6258
13669
2210
14631
19432
6443
11934
14935
18236
15177
2608
3569
19500
6751
15902
20043
7924
21215
11946
8557
7358
12219
11080
5921
16002
17923
4754
18435
9646
13577
14658
10549
20240
21681
1192
12593
12774
5875
356
4947
5158
15119
15210
1471
992
16833
19114
11435
4956
16777
12428
18459
18760
13691
8742
5623
3074
14685
1666
12167
9558
9319
6950
10371
9142
19013
12264
3565
14336
10377
16888
2639
21720
7801
15512
19563
604
18935
20916
19597
758
20919
1600
14441
14712
14653
4094
19305
17446
1307
7968
12409
15800
19581
1972
13553
5544
10435
4286
4737
18358
19589
12300
6301
3572
1503
20434
9695
11226
19447
3938
14739
5770
17891
7182
3703
17534
5565
15676
12587
5028
379
12770
711
3982
5933
9624
7045
1796
5037
11998
10079
3960
21271
18632
1533
15424
15305
14766
18757
9818
16929
11830
11891
3162
18943
9374
12345
20656
11987
17748
19399
7580
14511
17602
5873
19644
17695
16586
6417
238
5699
13710
11401
4802
14793
9874
1745
4806
19957
6248
759
340
6161
19662
19063
11204
12915
12946
9227
19398
6289
9950
12381
1522
1223
8874
1075
14636
4017
7378
16169
14820
991
15542
14553
6214
605
20226
3607
2948
5109
17470
10421
8082
6493
10874
2415
16846
14027
5118
7219
7730
11331
1912
1703
16194
3355
5666
14847
13978
7469
2430
14341
16832
17823
6874
21605
12426
15877
9638
3249
40
12521
7302
5533
18104
19725
12916
14237
13788
2749
10640
6501
21202
17033
14874
5095
21266
12177
598
11189
15420
10141
18392
19743
14284
8855
20286
15457
14168
12189
16090
311
12462
18613
20744
16245
3586
19577
18678
17179
6530
14901
18082
13193
54
8725
5546
13017
13408
15179
5190
12691
8072
15453
9004
15815
17076
4777
4388
5199
2440
5381
18702
4423
6644
8985
13156
17897
14928
9199
5120
9801
16852
21773
10614
16675
11966
12507
11098
7289
10620
2551
17462
93
15334
8465
19806
8137
11888
21159
5260
15581
21162
9133
7394
14955
316
18917
19548
3109
16130
8211
19942
8753
19824
9505
6506
5787
17968
19109
4980
4021
12542
12543
13834
18395
1746
6097
2648
11469
5110
18761
14982
13303
10844
7425
11236
10487
5808
1339
5540
5271
7912
5723
954
11515
20756
9867
14578
16619
5280
19531
3032
4203
6934
11585
1776
1087
8258
15009
4420
2771
17172
19363
4844
3405
4606
2327
12588
6319
4940
17991
5062
533
14754
3265
20696
19887
3358
9539
6660
7771
20522
13953
18934
19625
15036
17407
16568
5049
5620
21071
1002
7873
20984
19905
4726
4157
13158
20479
2180
19641
13822
2903
12624
9055
16046
9117
8608
7589
4260
14911
9122
15063
8524
8495
14796
13747
15428
20469
11140
17771
5352
3133
3374
8325
14026
3827
2658
2509
6980
5361
14752
683
11574
9445
16526
16437
10888
20489
15090
21511
422
2673
4
9785
18066
14407
14558
12669
1540
2591
3492
7573
5474
7545
13066
11057
19968
20449
7190
14031
10282
3593
6744
6865
9986
15117
12628
14219
12420
8131
4142
15663
17674
11345
19986
21817
1808
20529
1120
7121
12432
1753
15134
12705
4276
13697
16488
11119
12530
18921
2842
21353
15144
3745
6146
297
16258
20369
13260
20941
8132
5433
20224
1025
15696
16537
8768
17319
12310
19211
5442
9973
20204
18945
11956
21467
9228
20689
10850
15171
16732
19943
10044
2515
14726
10857
2338
4919
12750
18631
242
10863
10084
10415
336
997
1418
20049
15670
4841
21402
12793
8534
21405
16666
347
15198
7849
11870
19791
10642
9083
8454
5605
1706
20067
17038
21329
6030
3631
12062
5223
11554
5495
12786
21367
11348
1989
13630
17471
11712
12643
11714
15225
20836
3797
7668
18769
3440
6051
8872
20363
5514
15445
20546
1197
19048
13709
10110
241
9572
5523
5194
17855
4446
14467
4538
2019
8620
1211
15252
11953
17594
17415
5026
19667
3648
12139
17150
12831
13852
19763
18234
12595
15356
14997
10798
13649
20130
10891
2492
6903
15304
13475
14196
4597
12578
15279
3070
9521
5292
13153
14024
1245
15406
13937
20148
12259
18980
13401
6142
17003
19884
21355
17726
12867
16588
8999
9360
16141
542
4503
574
2075
15306
16057
1448
15039
21280
8381
20712
18673
10724
5595
10666
18197
8568
21559
18650
2901
10042
21803
5604
415
15506
11817
16978
9479
16680
18421
13442
15333
7174
15245
2916
7537
2738
18309
70
7511
12912
9073
17414
3735
15106
20297
7788
20599
4010
20211
6112
143
14274
17815
18416
6987
14398
2939
15360
20161
7172
12663
15664
18965
15906
3337
4298
20229
7480
16631
20772
8653
74
12675
9286
8087
12948
11809
6650
16731
18652
5483
19164
10375
14306
15387
11278
20969
540
1921
13322
13503
6604
1085
5676
5887
15848
15939
2200
1721
17562
19843
12164
5685
17506
13157
19188
19489
14420
9471
6352
3803
15414
2395
12896
10287
10048
7679
11100
9871
19742
12993
4294
15065
11106
17617
3368
579
8530
16241
20292
1333
19664
21645
20326
1487
21648
2329
15170
15441
15382
4823
20034
18175
2036
8697
13138
16529
20310
2701
14282
6273
11164
5015
5466
19087
20318
13029
7030
4301
2232
21163
10424
11955
20176
4667
15468
6499
18620
7911
4432
18263
6294
16405
13316
5757
1108
13499
1440
4711
6662
10353
7774
2525
5766
12727
10808
4689
130
19361
2262
16153
16034
15495
19486
10547
17658
12559
12620
3891
19672
10103
13074
21385
12716
18477
20128
8309
15240
18331
6602
20373
18424
17315
7146
967
6428
14439
12130
5531
15522
10603
2474
5535
20686
6977
1488
1069
6890
20391
19792
11933
13644
13675
9956
20127
7018
10679
13110
2251
1952
9603
1804
15365
4746
8107
16898
15549
1720
16271
15282
6943
1334
20955
4336
3677
5838
18199
11150
8811
7222
11603
3144
17575
14756
5847
7948
8459
12060
2641
2432
16923
4084
6395
15576
14707
8198
3159
15070
17561
18552
7603
464
13155
16606
10367
3978
769
13250
8031
6262
18833
20454
13645
14966
14517
3478
11369
7230
61
17762
15603
5824
125
12906
1327
11918
16149
10870
19121
20472
15013
9584
21015
16186
14897
12918
16819
1040
13191
19342
21473
16974
4315
20306
19407
17908
7259
15630
18811
13922
783
9454
6275
13746
14137
15908
5919
13420
8801
16182
9733
16544
17805
5506
5117
5928
3169
6110
19431
5152
7373
9714
13885
18626
15657
9928
5849
10530
17581
632
11343
17404
12695
13236
11827
8018
11349
3280
18191
822
16063
9194
20535
8866
12617
18
5989
16310
21
9862
8123
15684
1045
19646
20277
3838
16859
8940
20671
9482
20553
10234
7235
6516
18697
19838
5709
4750
13271
13272
14563
19124
2475
6826
3377
12198
5839
19490
15711
14032
11573
8154
11965
11216
6537
2068
6269
6000
8641
6452
1683
12244
21485
10596
15307
17348
6009
20260
3761
4932
7663
12314
2505
1816
8987
15738
5149
3500
17901
20092
5573
4134
5335
3056
13317
7048
5669
18720
5791
1262
15483
3994
21425
20616
4087
10268
7389
8500
21251
14682
19663
20354
15765
18136
17297
5778
6349
21800
1731
8602
21713
20634
5455
4886
13887
21208
2909
20370
14551
3632
13353
9784
16775
9846
9337
8318
4989
15640
9851
15792
9253
9224
15525
14476
16157
21198
11869
18500
6081
3862
4103
9054
14755
4556
3387
3238
7709
6090
15481
1412
12303
10174
17255
17166
11617
21218
15819
370
1151
3402
733
10514
18795
15136
15287
13398
2269
3320
4221
8302
6203
8274
13795
11786
20697
21178
7919
14760
11011
4322
7473
7594
10715
15846
13357
14948
13149
8860
4871
16392
18403
12074
20715
676
2537
21258
1849
7850
13161
2482
15863
13434
5005
14426
17217
11848
13259
19650
3571
212
15873
4474
6875
1026
16987
21098
13989
21670
8861
6162
20953
1754
16425
17266
9497
18048
13039
19940
6171
10702
20933
19674
12685
326
9957
21418
11579
15900
17461
20672
10773
3244
15455
11586
3067
5648
13479
19360
971
11592
10813
11144
1065
1726
2147
20778
16399
5570
261
13522
9263
264
17395
1076
15927
8578
12599
20520
11371
9812
9183
6334
2435
20796
17767
188
6759
4360
12791
5952
12283
6224
13515
226
12077
2718
14359
18200
12441
13372
12443
15954
21565
4526
8397
19498
4169
6780
9601
21092
6243
16174
21275
1926
19777
14438
10839
970
10301
6252
5923
18584
5175
15196
5267
2748
9349
1940
15981
12682
18323
18144
5755
20396
4377
12868
17879
13560
14581
20492
18963
13324
16085
15726
11527
14378
20859
11620
3221
7632
16033
14204
14925
5326
13307
16008
3799
10250
6021
13882
14753
1974
16135
14666
20877
12988
19709
14130
6871
17732
20613
214
18455
13596
17317
9728
10089
16870
1271
5232
1303
2804
16035
16786
2177
15768
139
9110
21441
19402
11453
6324
11395
18926
9297
418
